100 99
53 1 26
25 2 26 53
66 3 26 53 25
35 4 26 53 25 66
48 5 26 53 25 66 35
36 6 26 53 25 66 35 48
41 7 26 53 25 66 35 48 36
97 8 26 53 25 66 35 48 36 41
49 9 26 53 25 66 35 48 36 41 97
18 10 26 53 25 66 35 48 36 41 97 49
38 11 26 53 25 66 35 48 36 41 97 49 18
14 12 26 53 25 66 35 48 36 41 97 49 18 38
76 13 26 53 25 66 35 48 36 41 97 49 18 38 14
33 14 26 53 25 66 35 48 36 41 97 49 18 38 14 76
3 15 26 53 25 66 35 48 36 41 97 49 18 38 14 76 33
42 16 26 53 25 66 35 48 36 41 97 49 18 38 14 76 33 3
19 17 26 53 25 66 35 48 36 41 97 49 18 38 14 76 33 3 42
31 18 26 53 25 66 35 48 36 41 97 49 18 38 14 76 33 3 42 19
32 19 26 53 25 66 35 48 36 41 97 49 18 38 14 76 33 3 42 19 31
94 20 26 53 25 66 35 48 36 41 97 49 18 38 14 76 33 3 42 19 31 32
90 21 26 53 25 66 35 48 36 41 97 49 18 38 14 76 33 3 42 19 31 32 94
84 22 26 53 25 66 35 48 36 41 97 49 18 38 14 76 33 3 42 19 31 32 94 90
77 23 26 53 25 66 35 48 36 41 97 49 18 38 14 76 33 3 42 19 31 32 94 90 84
87 24 26 53 25 66 35 48 36 41 97 49 18 38 14 76 33 3 42 19 31 32 94 90 84 77
86 25 26 53 25 66 35 48 36 41 97 49 18 38 14 76 33 3 42 19 31 32 94 90 84 77 87
47 26 26 53 25 66 35 48 36 41 97 49 18 38 14 76 33 3 42 19 31 32 94 90 84 77 87 86
22 27 26 53 25 66 35 48 36 41 97 49 18 38 14 76 33 3 42 19 31 32 94 90 84 77 87 86 47
45 28 26 53 25 66 35 48 36 41 97 49 18 38 14 76 33 3 42 19 31 32 94 90 84 77 87 86 47 22
65 29 26 53 25 66 35 48 36 41 97 49 18 38 14 76 33 3 42 19 31 32 94 90 84 77 87 86 47 22 45
4 30 26 53 25 66 35 48 36 41 97 49 18 38 14 76 33 3 42 19 31 32 94 90 84 77 87 86 47 22 45 65
75 31 26 53 25 66 35 48 36 41 97 49 18 38 14 76 33 3 42 19 31 32 94 90 84 77 87 86 47 22 45 65 4
80 32 26 53 25 66 35 48 36 41 97 49 18 38 14 76 33 3 42 19 31 32 94 90 84 77 87 86 47 22 45 65 4 75
96 33 26 53 25 66 35 48 36 41 97 49 18 38 14 76 33 3 42 19 31 32 94 90 84 77 87 86 47 22 45 65 4 75 80
73 34 26 53 25 66 35 48 36 41 97 49 18 38 14 76 33 3 42 19 31 32 94 90 84 77 87 86 47 22 45 65 4 75 80 96
10 35 26 53 25 66 35 48 36 41 97 49 18 38 14 76 33 3 42 19 31 32 94 90 84 77 87 86 47 22 45 65 4 75 80 96 73
17 36 26 53 25 66 35 48 36 41 97 49 18 38 14 76 33 3 42 19 31 32 94 90 84 77 87 86 47 22 45 65 4 75 80 96 73 10
63 37 26 53 25 66 35 48 36 41 97 49 18 38 14 76 33 3 42 19 31 32 94 90 84 77 87 86 47 22 45 65 4 75 80 96 73 10 17
83 38 26 53 25 66 35 48 36 41 97 49 18 38 14 76 33 3 42 19 31 32 94 90 84 77 87 86 47 22 45 65 4 75 80 96 73 10 17 63
74 39 26 53 25 66 35 48 36 41 97 49 18 38 14 76 33 3 42 19 31 32 94 90 84 77 87 86 47 22 45 65 4 75 80 96 73 10 17 63 83
91 40 26 53 25 66 35 48 36 41 97 49 18 38 14 76 33 3 42 19 31 32 94 90 84 77 87 86 47 22 45 65 4 75 80 96 73 10 17 63 83 74
11 41 26 53 25 66 35 48 36 41 97 49 18 38 14 76 33 3 42 19 31 32 94 90 84 77 87 86 47 22 45 65 4 75 80 96 73 10 17 63 83 74 91
59 42 26 53 25 66 35 48 36 41 97 49 18 38 14 76 33 3 42 19 31 32 94 90 84 77 87 86 47 22 45 65 4 75 80 96 73 10 17 63 83 74 91 11
82 43 26 53 25 66 35 48 36 41 97 49 18 38 14 76 33 3 42 19 31 32 94 90 84 77 87 86 47 22 45 65 4 75 80 96 73 10 17 63 83 74 91 11 59
13 44 26 53 25 66 35 48 36 41 97 49 18 38 14 76 33 3 42 19 31 32 94 90 84 77 87 86 47 22 45 65 4 75 80 96 73 10 17 63 83 74 91 11 59 82
8 45 26 53 25 66 35 48 36 41 97 49 18 38 14 76 33 3 42 19 31 32 94 90 84 77 87 86 47 22 45 65 4 75 80 96 73 10 17 63 83 74 91 11 59 82 13
64 46 26 53 25 66 35 48 36 41 97 49 18 38 14 76 33 3 42 19 31 32 94 90 84 77 87 86 47 22 45 65 4 75 80 96 73 10 17 63 83 74 91 11 59 82 13 8
67 47 26 53 25 66 35 48 36 41 97 49 18 38 14 76 33 3 42 19 31 32 94 90 84 77 87 86 47 22 45 65 4 75 80 96 73 10 17 63 83 74 91 11 59 82 13 8 64
12 48 26 53 25 66 35 48 36 41 97 49 18 38 14 76 33 3 42 19 31 32 94 90 84 77 87 86 47 22 45 65 4 75 80 96 73 10 17 63 83 74 91 11 59 82 13 8 64 67
2 49 26 53 25 66 35 48 36 41 97 49 18 38 14 76 33 3 42 19 31 32 94 90 84 77 87 86 47 22 45 65 4 75 80 96 73 10 17 63 83 74 91 11 59 82 13 8 64 67 12
51 50 26 53 25 66 35 48 36 41 97 49 18 38 14 76 33 3 42 19 31 32 94 90 84 77 87 86 47 22 45 65 4 75 80 96 73 10 17 63 83 74 91 11 59 82 13 8 64 67 12 2
54 51 26 53 25 66 35 48 36 41 97 49 18 38 14 76 33 3 42 19 31 32 94 90 84 77 87 86 47 22 45 65 4 75 80 96 73 10 17 63 83 74 91 11 59 82 13 8 64 67 12 2 51
52 52 26 53 25 66 35 48 36 41 97 49 18 38 14 76 33 3 42 19 31 32 94 90 84 77 87 86 47 22 45 65 4 75 80 96 73 10 17 63 83 74 91 11 59 82 13 8 64 67 12 2 51 54
79 53 26 53 25 66 35 48 36 41 97 49 18 38 14 76 33 3 42 19 31 32 94 90 84 77 87 86 47 22 45 65 4 75 80 96 73 10 17 63 83 74 91 11 59 82 13 8 64 67 12 2 51 54 52
7 54 26 53 25 66 35 48 36 41 97 49 18 38 14 76 33 3 42 19 31 32 94 90 84 77 87 86 47 22 45 65 4 75 80 96 73 10 17 63 83 74 91 11 59 82 13 8 64 67 12 2 51 54 52 79
30 55 26 53 25 66 35 48 36 41 97 49 18 38 14 76 33 3 42 19 31 32 94 90 84 77 87 86 47 22 45 65 4 75 80 96 73 10 17 63 83 74 91 11 59 82 13 8 64 67 12 2 51 54 52 79 7
56 56 26 53 25 66 35 48 36 41 97 49 18 38 14 76 33 3 42 19 31 32 94 90 84 77 87 86 47 22 45 65 4 75 80 96 73 10 17 63 83 74 91 11 59 82 13 8 64 67 12 2 51 54 52 79 7 30
34 57 26 53 25 66 35 48 36 41 97 49 18 38 14 76 33 3 42 19 31 32 94 90 84 77 87 86 47 22 45 65 4 75 80 96 73 10 17 63 83 74 91 11 59 82 13 8 64 67 12 2 51 54 52 79 7 30 56
15 58 26 53 25 66 35 48 36 41 97 49 18 38 14 76 33 3 42 19 31 32 94 90 84 77 87 86 47 22 45 65 4 75 80 96 73 10 17 63 83 74 91 11 59 82 13 8 64 67 12 2 51 54 52 79 7 30 56 34
69 59 26 53 25 66 35 48 36 41 97 49 18 38 14 76 33 3 42 19 31 32 94 90 84 77 87 86 47 22 45 65 4 75 80 96 73 10 17 63 83 74 91 11 59 82 13 8 64 67 12 2 51 54 52 79 7 30 56 34 15
88 60 26 53 25 66 35 48 36 41 97 49 18 38 14 76 33 3 42 19 31 32 94 90 84 77 87 86 47 22 45 65 4 75 80 96 73 10 17 63 83 74 91 11 59 82 13 8 64 67 12 2 51 54 52 79 7 30 56 34 15 69
20 61 26 53 25 66 35 48 36 41 97 49 18 38 14 76 33 3 42 19 31 32 94 90 84 77 87 86 47 22 45 65 4 75 80 96 73 10 17 63 83 74 91 11 59 82 13 8 64 67 12 2 51 54 52 79 7 30 56 34 15 69 88
61 62 26 53 25 66 35 48 36 41 97 49 18 38 14 76 33 3 42 19 31 32 94 90 84 77 87 86 47 22 45 65 4 75 80 96 73 10 17 63 83 74 91 11 59 82 13 8 64 67 12 2 51 54 52 79 7 30 56 34 15 69 88 20
1 63 26 53 25 66 35 48 36 41 97 49 18 38 14 76 33 3 42 19 31 32 94 90 84 77 87 86 47 22 45 65 4 75 80 96 73 10 17 63 83 74 91 11 59 82 13 8 64 67 12 2 51 54 52 79 7 30 56 34 15 69 88 20 61
100 64 26 53 25 66 35 48 36 41 97 49 18 38 14 76 33 3 42 19 31 32 94 90 84 77 87 86 47 22 45 65 4 75 80 96 73 10 17 63 83 74 91 11 59 82 13 8 64 67 12 2 51 54 52 79 7 30 56 34 15 69 88 20 61 1
68 65 26 53 25 66 35 48 36 41 97 49 18 38 14 76 33 3 42 19 31 32 94 90 84 77 87 86 47 22 45 65 4 75 80 96 73 10 17 63 83 74 91 11 59 82 13 8 64 67 12 2 51 54 52 79 7 30 56 34 15 69 88 20 61 1 100
71 66 26 53 25 66 35 48 36 41 97 49 18 38 14 76 33 3 42 19 31 32 94 90 84 77 87 86 47 22 45 65 4 75 80 96 73 10 17 63 83 74 91 11 59 82 13 8 64 67 12 2 51 54 52 79 7 30 56 34 15 69 88 20 61 1 100 68
95 67 26 53 25 66 35 48 36 41 97 49 18 38 14 76 33 3 42 19 31 32 94 90 84 77 87 86 47 22 45 65 4 75 80 96 73 10 17 63 83 74 91 11 59 82 13 8 64 67 12 2 51 54 52 79 7 30 56 34 15 69 88 20 61 1 100 68 71
21 68 26 53 25 66 35 48 36 41 97 49 18 38 14 76 33 3 42 19 31 32 94 90 84 77 87 86 47 22 45 65 4 75 80 96 73 10 17 63 83 74 91 11 59 82 13 8 64 67 12 2 51 54 52 79 7 30 56 34 15 69 88 20 61 1 100 68 71 95
89 69 26 53 25 66 35 48 36 41 97 49 18 38 14 76 33 3 42 19 31 32 94 90 84 77 87 86 47 22 45 65 4 75 80 96 73 10 17 63 83 74 91 11 59 82 13 8 64 67 12 2 51 54 52 79 7 30 56 34 15 69 88 20 61 1 100 68 71 95 21
28 70 26 53 25 66 35 48 36 41 97 49 18 38 14 76 33 3 42 19 31 32 94 90 84 77 87 86 47 22 45 65 4 75 80 96 73 10 17 63 83 74 91 11 59 82 13 8 64 67 12 2 51 54 52 79 7 30 56 34 15 69 88 20 61 1 100 68 71 95 21 89
9 71 26 53 25 66 35 48 36 41 97 49 18 38 14 76 33 3 42 19 31 32 94 90 84 77 87 86 47 22 45 65 4 75 80 96 73 10 17 63 83 74 91 11 59 82 13 8 64 67 12 2 51 54 52 79 7 30 56 34 15 69 88 20 61 1 100 68 71 95 21 89 28
6 72 26 53 25 66 35 48 36 41 97 49 18 38 14 76 33 3 42 19 31 32 94 90 84 77 87 86 47 22 45 65 4 75 80 96 73 10 17 63 83 74 91 11 59 82 13 8 64 67 12 2 51 54 52 79 7 30 56 34 15 69 88 20 61 1 100 68 71 95 21 89 28 9
29 73 26 53 25 66 35 48 36 41 97 49 18 38 14 76 33 3 42 19 31 32 94 90 84 77 87 86 47 22 45 65 4 75 80 96 73 10 17 63 83 74 91 11 59 82 13 8 64 67 12 2 51 54 52 79 7 30 56 34 15 69 88 20 61 1 100 68 71 95 21 89 28 9 6
24 74 26 53 25 66 35 48 36 41 97 49 18 38 14 76 33 3 42 19 31 32 94 90 84 77 87 86 47 22 45 65 4 75 80 96 73 10 17 63 83 74 91 11 59 82 13 8 64 67 12 2 51 54 52 79 7 30 56 34 15 69 88 20 61 1 100 68 71 95 21 89 28 9 6 29
44 75 26 53 25 66 35 48 36 41 97 49 18 38 14 76 33 3 42 19 31 32 94 90 84 77 87 86 47 22 45 65 4 75 80 96 73 10 17 63 83 74 91 11 59 82 13 8 64 67 12 2 51 54 52 79 7 30 56 34 15 69 88 20 61 1 100 68 71 95 21 89 28 9 6 29 24
60 76 26 53 25 66 35 48 36 41 97 49 18 38 14 76 33 3 42 19 31 32 94 90 84 77 87 86 47 22 45 65 4 75 80 96 73 10 17 63 83 74 91 11 59 82 13 8 64 67 12 2 51 54 52 79 7 30 56 34 15 69 88 20 61 1 100 68 71 95 21 89 28 9 6 29 24 44
46 77 26 53 25 66 35 48 36 41 97 49 18 38 14 76 33 3 42 19 31 32 94 90 84 77 87 86 47 22 45 65 4 75 80 96 73 10 17 63 83 74 91 11 59 82 13 8 64 67 12 2 51 54 52 79 7 30 56 34 15 69 88 20 61 1 100 68 71 95 21 89 28 9 6 29 24 44 60
37 78 26 53 25 66 35 48 36 41 97 49 18 38 14 76 33 3 42 19 31 32 94 90 84 77 87 86 47 22 45 65 4 75 80 96 73 10 17 63 83 74 91 11 59 82 13 8 64 67 12 2 51 54 52 79 7 30 56 34 15 69 88 20 61 1 100 68 71 95 21 89 28 9 6 29 24 44 60 46
16 79 26 53 25 66 35 48 36 41 97 49 18 38 14 76 33 3 42 19 31 32 94 90 84 77 87 86 47 22 45 65 4 75 80 96 73 10 17 63 83 74 91 11 59 82 13 8 64 67 12 2 51 54 52 79 7 30 56 34 15 69 88 20 61 1 100 68 71 95 21 89 28 9 6 29 24 44 60 46 37
43 80 26 53 25 66 35 48 36 41 97 49 18 38 14 76 33 3 42 19 31 32 94 90 84 77 87 86 47 22 45 65 4 75 80 96 73 10 17 63 83 74 91 11 59 82 13 8 64 67 12 2 51 54 52 79 7 30 56 34 15 69 88 20 61 1 100 68 71 95 21 89 28 9 6 29 24 44 60 46 37 16
99 81 26 53 25 66 35 48 36 41 97 49 18 38 14 76 33 3 42 19 31 32 94 90 84 77 87 86 47 22 45 65 4 75 80 96 73 10 17 63 83 74 91 11 59 82 13 8 64 67 12 2 51 54 52 79 7 30 56 34 15 69 88 20 61 1 100 68 71 95 21 89 28 9 6 29 24 44 60 46 37 16 43
50 82 26 53 25 66 35 48 36 41 97 49 18 38 14 76 33 3 42 19 31 32 94 90 84 77 87 86 47 22 45 65 4 75 80 96 73 10 17 63 83 74 91 11 59 82 13 8 64 67 12 2 51 54 52 79 7 30 56 34 15 69 88 20 61 1 100 68 71 95 21 89 28 9 6 29 24 44 60 46 37 16 43 99
58 83 26 53 25 66 35 48 36 41 97 49 18 38 14 76 33 3 42 19 31 32 94 90 84 77 87 86 47 22 45 65 4 75 80 96 73 10 17 63 83 74 91 11 59 82 13 8 64 67 12 2 51 54 52 79 7 30 56 34 15 69 88 20 61 1 100 68 71 95 21 89 28 9 6 29 24 44 60 46 37 16 43 99 50
39 84 26 53 25 66 35 48 36 41 97 49 18 38 14 76 33 3 42 19 31 32 94 90 84 77 87 86 47 22 45 65 4 75 80 96 73 10 17 63 83 74 91 11 59 82 13 8 64 67 12 2 51 54 52 79 7 30 56 34 15 69 88 20 61 1 100 68 71 95 21 89 28 9 6 29 24 44 60 46 37 16 43 99 50 58
40 85 26 53 25 66 35 48 36 41 97 49 18 38 14 76 33 3 42 19 31 32 94 90 84 77 87 86 47 22 45 65 4 75 80 96 73 10 17 63 83 74 91 11 59 82 13 8 64 67 12 2 51 54 52 79 7 30 56 34 15 69 88 20 61 1 100 68 71 95 21 89 28 9 6 29 24 44 60 46 37 16 43 99 50 58 39
23 86 26 53 25 66 35 48 36 41 97 49 18 38 14 76 33 3 42 19 31 32 94 90 84 77 87 86 47 22 45 65 4 75 80 96 73 10 17 63 83 74 91 11 59 82 13 8 64 67 12 2 51 54 52 79 7 30 56 34 15 69 88 20 61 1 100 68 71 95 21 89 28 9 6 29 24 44 60 46 37 16 43 99 50 58 39 40
27 87 26 53 25 66 35 48 36 41 97 49 18 38 14 76 33 3 42 19 31 32 94 90 84 77 87 86 47 22 45 65 4 75 80 96 73 10 17 63 83 74 91 11 59 82 13 8 64 67 12 2 51 54 52 79 7 30 56 34 15 69 88 20 61 1 100 68 71 95 21 89 28 9 6 29 24 44 60 46 37 16 43 99 50 58 39 40 23
62 88 26 53 25 66 35 48 36 41 97 49 18 38 14 76 33 3 42 19 31 32 94 90 84 77 87 86 47 22 45 65 4 75 80 96 73 10 17 63 83 74 91 11 59 82 13 8 64 67 12 2 51 54 52 79 7 30 56 34 15 69 88 20 61 1 100 68 71 95 21 89 28 9 6 29 24 44 60 46 37 16 43 99 50 58 39 40 23 27
70 89 26 53 25 66 35 48 36 41 97 49 18 38 14 76 33 3 42 19 31 32 94 90 84 77 87 86 47 22 45 65 4 75 80 96 73 10 17 63 83 74 91 11 59 82 13 8 64 67 12 2 51 54 52 79 7 30 56 34 15 69 88 20 61 1 100 68 71 95 21 89 28 9 6 29 24 44 60 46 37 16 43 99 50 58 39 40 23 27 62
98 90 26 53 25 66 35 48 36 41 97 49 18 38 14 76 33 3 42 19 31 32 94 90 84 77 87 86 47 22 45 65 4 75 80 96 73 10 17 63 83 74 91 11 59 82 13 8 64 67 12 2 51 54 52 79 7 30 56 34 15 69 88 20 61 1 100 68 71 95 21 89 28 9 6 29 24 44 60 46 37 16 43 99 50 58 39 40 23 27 62 70
5 91 26 53 25 66 35 48 36 41 97 49 18 38 14 76 33 3 42 19 31 32 94 90 84 77 87 86 47 22 45 65 4 75 80 96 73 10 17 63 83 74 91 11 59 82 13 8 64 67 12 2 51 54 52 79 7 30 56 34 15 69 88 20 61 1 100 68 71 95 21 89 28 9 6 29 24 44 60 46 37 16 43 99 50 58 39 40 23 27 62 70 98
78 92 26 53 25 66 35 48 36 41 97 49 18 38 14 76 33 3 42 19 31 32 94 90 84 77 87 86 47 22 45 65 4 75 80 96 73 10 17 63 83 74 91 11 59 82 13 8 64 67 12 2 51 54 52 79 7 30 56 34 15 69 88 20 61 1 100 68 71 95 21 89 28 9 6 29 24 44 60 46 37 16 43 99 50 58 39 40 23 27 62 70 98 5
92 93 26 53 25 66 35 48 36 41 97 49 18 38 14 76 33 3 42 19 31 32 94 90 84 77 87 86 47 22 45 65 4 75 80 96 73 10 17 63 83 74 91 11 59 82 13 8 64 67 12 2 51 54 52 79 7 30 56 34 15 69 88 20 61 1 100 68 71 95 21 89 28 9 6 29 24 44 60 46 37 16 43 99 50 58 39 40 23 27 62 70 98 5 78
85 94 26 53 25 66 35 48 36 41 97 49 18 38 14 76 33 3 42 19 31 32 94 90 84 77 87 86 47 22 45 65 4 75 80 96 73 10 17 63 83 74 91 11 59 82 13 8 64 67 12 2 51 54 52 79 7 30 56 34 15 69 88 20 61 1 100 68 71 95 21 89 28 9 6 29 24 44 60 46 37 16 43 99 50 58 39 40 23 27 62 70 98 5 78 92
57 95 26 53 25 66 35 48 36 41 97 49 18 38 14 76 33 3 42 19 31 32 94 90 84 77 87 86 47 22 45 65 4 75 80 96 73 10 17 63 83 74 91 11 59 82 13 8 64 67 12 2 51 54 52 79 7 30 56 34 15 69 88 20 61 1 100 68 71 95 21 89 28 9 6 29 24 44 60 46 37 16 43 99 50 58 39 40 23 27 62 70 98 5 78 92 85
55 96 26 53 25 66 35 48 36 41 97 49 18 38 14 76 33 3 42 19 31 32 94 90 84 77 87 86 47 22 45 65 4 75 80 96 73 10 17 63 83 74 91 11 59 82 13 8 64 67 12 2 51 54 52 79 7 30 56 34 15 69 88 20 61 1 100 68 71 95 21 89 28 9 6 29 24 44 60 46 37 16 43 99 50 58 39 40 23 27 62 70 98 5 78 92 85 57
93 97 26 53 25 66 35 48 36 41 97 49 18 38 14 76 33 3 42 19 31 32 94 90 84 77 87 86 47 22 45 65 4 75 80 96 73 10 17 63 83 74 91 11 59 82 13 8 64 67 12 2 51 54 52 79 7 30 56 34 15 69 88 20 61 1 100 68 71 95 21 89 28 9 6 29 24 44 60 46 37 16 43 99 50 58 39 40 23 27 62 70 98 5 78 92 85 57 55
81 98 26 53 25 66 35 48 36 41 97 49 18 38 14 76 33 3 42 19 31 32 94 90 84 77 87 86 47 22 45 65 4 75 80 96 73 10 17 63 83 74 91 11 59 82 13 8 64 67 12 2 51 54 52 79 7 30 56 34 15 69 88 20 61 1 100 68 71 95 21 89 28 9 6 29 24 44 60 46 37 16 43 99 50 58 39 40 23 27 62 70 98 5 78 92 85 57 55 93
72 99 26 53 25 66 35 48 36 41 97 49 18 38 14 76 33 3 42 19 31 32 94 90 84 77 87 86 47 22 45 65 4 75 80 96 73 10 17 63 83 74 91 11 59 82 13 8 64 67 12 2 51 54 52 79 7 30 56 34 15 69 88 20 61 1 100 68 71 95 21 89 28 9 6 29 24 44 60 46 37 16 43 99 50 58 39 40 23 27 62 70 98 5 78 92 85 57 55 93 81