100 99
5 1 69
15 2 69 5
42 3 69 5 15
62 4 69 5 15 42
68 5 69 5 15 42 62
28 6 69 5 15 42 62 68
47 7 69 5 15 42 62 68 28
51 8 69 5 15 42 62 68 28 47
45 9 69 5 15 42 62 68 28 47 51
76 10 69 5 15 42 62 68 28 47 51 45
85 11 69 5 15 42 62 68 28 47 51 45 76
36 12 69 5 15 42 62 68 28 47 51 45 76 85
16 13 69 5 15 42 62 68 28 47 51 45 76 85 36
38 14 69 5 15 42 62 68 28 47 51 45 76 85 36 16
92 15 69 5 15 42 62 68 28 47 51 45 76 85 36 16 38
30 16 69 5 15 42 62 68 28 47 51 45 76 85 36 16 38 92
86 17 69 5 15 42 62 68 28 47 51 45 76 85 36 16 38 92 30
89 18 69 5 15 42 62 68 28 47 51 45 76 85 36 16 38 92 30 86
98 19 69 5 15 42 62 68 28 47 51 45 76 85 36 16 38 92 30 86 89
25 20 69 5 15 42 62 68 28 47 51 45 76 85 36 16 38 92 30 86 89 98
81 21 69 5 15 42 62 68 28 47 51 45 76 85 36 16 38 92 30 86 89 98 25
64 22 69 5 15 42 62 68 28 47 51 45 76 85 36 16 38 92 30 86 89 98 25 81
14 23 69 5 15 42 62 68 28 47 51 45 76 85 36 16 38 92 30 86 89 98 25 81 64
77 24 69 5 15 42 62 68 28 47 51 45 76 85 36 16 38 92 30 86 89 98 25 81 64 14
71 25 69 5 15 42 62 68 28 47 51 45 76 85 36 16 38 92 30 86 89 98 25 81 64 14 77
19 26 69 5 15 42 62 68 28 47 51 45 76 85 36 16 38 92 30 86 89 98 25 81 64 14 77 71
63 27 69 5 15 42 62 68 28 47 51 45 76 85 36 16 38 92 30 86 89 98 25 81 64 14 77 71 19
66 28 69 5 15 42 62 68 28 47 51 45 76 85 36 16 38 92 30 86 89 98 25 81 64 14 77 71 19 63
33 29 69 5 15 42 62 68 28 47 51 45 76 85 36 16 38 92 30 86 89 98 25 81 64 14 77 71 19 63 66
78 30 69 5 15 42 62 68 28 47 51 45 76 85 36 16 38 92 30 86 89 98 25 81 64 14 77 71 19 63 66 33
8 31 69 5 15 42 62 68 28 47 51 45 76 85 36 16 38 92 30 86 89 98 25 81 64 14 77 71 19 63 66 33 78
97 32 69 5 15 42 62 68 28 47 51 45 76 85 36 16 38 92 30 86 89 98 25 81 64 14 77 71 19 63 66 33 78 8
58 33 69 5 15 42 62 68 28 47 51 45 76 85 36 16 38 92 30 86 89 98 25 81 64 14 77 71 19 63 66 33 78 8 97
23 34 69 5 15 42 62 68 28 47 51 45 76 85 36 16 38 92 30 86 89 98 25 81 64 14 77 71 19 63 66 33 78 8 97 58
12 35 69 5 15 42 62 68 28 47 51 45 76 85 36 16 38 92 30 86 89 98 25 81 64 14 77 71 19 63 66 33 78 8 97 58 23
46 36 69 5 15 42 62 68 28 47 51 45 76 85 36 16 38 92 30 86 89 98 25 81 64 14 77 71 19 63 66 33 78 8 97 58 23 12
73 37 69 5 15 42 62 68 28 47 51 45 76 85 36 16 38 92 30 86 89 98 25 81 64 14 77 71 19 63 66 33 78 8 97 58 23 12 46
32 38 69 5 15 42 62 68 28 47 51 45 76 85 36 16 38 92 30 86 89 98 25 81 64 14 77 71 19 63 66 33 78 8 97 58 23 12 46 73
56 39 69 5 15 42 62 68 28 47 51 45 76 85 36 16 38 92 30 86 89 98 25 81 64 14 77 71 19 63 66 33 78 8 97 58 23 12 46 73 32
18 40 69 5 15 42 62 68 28 47 51 45 76 85 36 16 38 92 30 86 89 98 25 81 64 14 77 71 19 63 66 33 78 8 97 58 23 12 46 73 32 56
67 41 69 5 15 42 62 68 28 47 51 45 76 85 36 16 38 92 30 86 89 98 25 81 64 14 77 71 19 63 66 33 78 8 97 58 23 12 46 73 32 56 18
2 42 69 5 15 42 62 68 28 47 51 45 76 85 36 16 38 92 30 86 89 98 25 81 64 14 77 71 19 63 66 33 78 8 97 58 23 12 46 73 32 56 18 67
61 43 69 5 15 42 62 68 28 47 51 45 76 85 36 16 38 92 30 86 89 98 25 81 64 14 77 71 19 63 66 33 78 8 97 58 23 12 46 73 32 56 18 67 2
84 44 69 5 15 42 62 68 28 47 51 45 76 85 36 16 38 92 30 86 89 98 25 81 64 14 77 71 19 63 66 33 78 8 97 58 23 12 46 73 32 56 18 67 2 61
100 45 69 5 15 42 62 68 28 47 51 45 76 85 36 16 38 92 30 86 89 98 25 81 64 14 77 71 19 63 66 33 78 8 97 58 23 12 46 73 32 56 18 67 2 61 84
3 46 69 5 15 42 62 68 28 47 51 45 76 85 36 16 38 92 30 86 89 98 25 81 64 14 77 71 19 63 66 33 78 8 97 58 23 12 46 73 32 56 18 67 2 61 84 100
74 47 69 5 15 42 62 68 28 47 51 45 76 85 36 16 38 92 30 86 89 98 25 81 64 14 77 71 19 63 66 33 78 8 97 58 23 12 46 73 32 56 18 67 2 61 84 100 3
11 48 69 5 15 42 62 68 28 47 51 45 76 85 36 16 38 92 30 86 89 98 25 81 64 14 77 71 19 63 66 33 78 8 97 58 23 12 46 73 32 56 18 67 2 61 84 100 3 74
27 49 69 5 15 42 62 68 28 47 51 45 76 85 36 16 38 92 30 86 89 98 25 81 64 14 77 71 19 63 66 33 78 8 97 58 23 12 46 73 32 56 18 67 2 61 84 100 3 74 11
29 50 69 5 15 42 62 68 28 47 51 45 76 85 36 16 38 92 30 86 89 98 25 81 64 14 77 71 19 63 66 33 78 8 97 58 23 12 46 73 32 56 18 67 2 61 84 100 3 74 11 27
75 51 69 5 15 42 62 68 28 47 51 45 76 85 36 16 38 92 30 86 89 98 25 81 64 14 77 71 19 63 66 33 78 8 97 58 23 12 46 73 32 56 18 67 2 61 84 100 3 74 11 27 29
20 52 69 5 15 42 62 68 28 47 51 45 76 85 36 16 38 92 30 86 89 98 25 81 64 14 77 71 19 63 66 33 78 8 97 58 23 12 46 73 32 56 18 67 2 61 84 100 3 74 11 27 29 75
96 53 69 5 15 42 62 68 28 47 51 45 76 85 36 16 38 92 30 86 89 98 25 81 64 14 77 71 19 63 66 33 78 8 97 58 23 12 46 73 32 56 18 67 2 61 84 100 3 74 11 27 29 75 20
44 54 69 5 15 42 62 68 28 47 51 45 76 85 36 16 38 92 30 86 89 98 25 81 64 14 77 71 19 63 66 33 78 8 97 58 23 12 46 73 32 56 18 67 2 61 84 100 3 74 11 27 29 75 20 96
59 55 69 5 15 42 62 68 28 47 51 45 76 85 36 16 38 92 30 86 89 98 25 81 64 14 77 71 19 63 66 33 78 8 97 58 23 12 46 73 32 56 18 67 2 61 84 100 3 74 11 27 29 75 20 96 44
90 56 69 5 15 42 62 68 28 47 51 45 76 85 36 16 38 92 30 86 89 98 25 81 64 14 77 71 19 63 66 33 78 8 97 58 23 12 46 73 32 56 18 67 2 61 84 100 3 74 11 27 29 75 20 96 44 59
70 57 69 5 15 42 62 68 28 47 51 45 76 85 36 16 38 92 30 86 89 98 25 81 64 14 77 71 19 63 66 33 78 8 97 58 23 12 46 73 32 56 18 67 2 61 84 100 3 74 11 27 29 75 20 96 44 59 90
83 58 69 5 15 42 62 68 28 47 51 45 76 85 36 16 38 92 30 86 89 98 25 81 64 14 77 71 19 63 66 33 78 8 97 58 23 12 46 73 32 56 18 67 2 61 84 100 3 74 11 27 29 75 20 96 44 59 90 70
48 59 69 5 15 42 62 68 28 47 51 45 76 85 36 16 38 92 30 86 89 98 25 81 64 14 77 71 19 63 66 33 78 8 97 58 23 12 46 73 32 56 18 67 2 61 84 100 3 74 11 27 29 75 20 96 44 59 90 70 83
53 60 69 5 15 42 62 68 28 47 51 45 76 85 36 16 38 92 30 86 89 98 25 81 64 14 77 71 19 63 66 33 78 8 97 58 23 12 46 73 32 56 18 67 2 61 84 100 3 74 11 27 29 75 20 96 44 59 90 70 83 48
34 61 69 5 15 42 62 68 28 47 51 45 76 85 36 16 38 92 30 86 89 98 25 81 64 14 77 71 19 63 66 33 78 8 97 58 23 12 46 73 32 56 18 67 2 61 84 100 3 74 11 27 29 75 20 96 44 59 90 70 83 48 53
99 62 69 5 15 42 62 68 28 47 51 45 76 85 36 16 38 92 30 86 89 98 25 81 64 14 77 71 19 63 66 33 78 8 97 58 23 12 46 73 32 56 18 67 2 61 84 100 3 74 11 27 29 75 20 96 44 59 90 70 83 48 53 34
94 63 69 5 15 42 62 68 28 47 51 45 76 85 36 16 38 92 30 86 89 98 25 81 64 14 77 71 19 63 66 33 78 8 97 58 23 12 46 73 32 56 18 67 2 61 84 100 3 74 11 27 29 75 20 96 44 59 90 70 83 48 53 34 99
50 64 69 5 15 42 62 68 28 47 51 45 76 85 36 16 38 92 30 86 89 98 25 81 64 14 77 71 19 63 66 33 78 8 97 58 23 12 46 73 32 56 18 67 2 61 84 100 3 74 11 27 29 75 20 96 44 59 90 70 83 48 53 34 99 94
43 65 69 5 15 42 62 68 28 47 51 45 76 85 36 16 38 92 30 86 89 98 25 81 64 14 77 71 19 63 66 33 78 8 97 58 23 12 46 73 32 56 18 67 2 61 84 100 3 74 11 27 29 75 20 96 44 59 90 70 83 48 53 34 99 94 50
57 66 69 5 15 42 62 68 28 47 51 45 76 85 36 16 38 92 30 86 89 98 25 81 64 14 77 71 19 63 66 33 78 8 97 58 23 12 46 73 32 56 18 67 2 61 84 100 3 74 11 27 29 75 20 96 44 59 90 70 83 48 53 34 99 94 50 43
93 67 69 5 15 42 62 68 28 47 51 45 76 85 36 16 38 92 30 86 89 98 25 81 64 14 77 71 19 63 66 33 78 8 97 58 23 12 46 73 32 56 18 67 2 61 84 100 3 74 11 27 29 75 20 96 44 59 90 70 83 48 53 34 99 94 50 43 57
13 68 69 5 15 42 62 68 28 47 51 45 76 85 36 16 38 92 30 86 89 98 25 81 64 14 77 71 19 63 66 33 78 8 97 58 23 12 46 73 32 56 18 67 2 61 84 100 3 74 11 27 29 75 20 96 44 59 90 70 83 48 53 34 99 94 50 43 57 93
55 69 69 5 15 42 62 68 28 47 51 45 76 85 36 16 38 92 30 86 89 98 25 81 64 14 77 71 19 63 66 33 78 8 97 58 23 12 46 73 32 56 18 67 2 61 84 100 3 74 11 27 29 75 20 96 44 59 90 70 83 48 53 34 99 94 50 43 57 93 13
54 70 69 5 15 42 62 68 28 47 51 45 76 85 36 16 38 92 30 86 89 98 25 81 64 14 77 71 19 63 66 33 78 8 97 58 23 12 46 73 32 56 18 67 2 61 84 100 3 74 11 27 29 75 20 96 44 59 90 70 83 48 53 34 99 94 50 43 57 93 13 55
49 71 69 5 15 42 62 68 28 47 51 45 76 85 36 16 38 92 30 86 89 98 25 81 64 14 77 71 19 63 66 33 78 8 97 58 23 12 46 73 32 56 18 67 2 61 84 100 3 74 11 27 29 75 20 96 44 59 90 70 83 48 53 34 99 94 50 43 57 93 13 55 54
9 72 69 5 15 42 62 68 28 47 51 45 76 85 36 16 38 92 30 86 89 98 25 81 64 14 77 71 19 63 66 33 78 8 97 58 23 12 46 73 32 56 18 67 2 61 84 100 3 74 11 27 29 75 20 96 44 59 90 70 83 48 53 34 99 94 50 43 57 93 13 55 54 49
39 73 69 5 15 42 62 68 28 47 51 45 76 85 36 16 38 92 30 86 89 98 25 81 64 14 77 71 19 63 66 33 78 8 97 58 23 12 46 73 32 56 18 67 2 61 84 100 3 74 11 27 29 75 20 96 44 59 90 70 83 48 53 34 99 94 50 43 57 93 13 55 54 49 9
35 74 69 5 15 42 62 68 28 47 51 45 76 85 36 16 38 92 30 86 89 98 25 81 64 14 77 71 19 63 66 33 78 8 97 58 23 12 46 73 32 56 18 67 2 61 84 100 3 74 11 27 29 75 20 96 44 59 90 70 83 48 53 34 99 94 50 43 57 93 13 55 54 49 9 39
65 75 69 5 15 42 62 68 28 47 51 45 76 85 36 16 38 92 30 86 89 98 25 81 64 14 77 71 19 63 66 33 78 8 97 58 23 12 46 73 32 56 18 67 2 61 84 100 3 74 11 27 29 75 20 96 44 59 90 70 83 48 53 34 99 94 50 43 57 93 13 55 54 49 9 39 35
10 76 69 5 15 42 62 68 28 47 51 45 76 85 36 16 38 92 30 86 89 98 25 81 64 14 77 71 19 63 66 33 78 8 97 58 23 12 46 73 32 56 18 67 2 61 84 100 3 74 11 27 29 75 20 96 44 59 90 70 83 48 53 34 99 94 50 43 57 93 13 55 54 49 9 39 35 65
21 77 69 5 15 42 62 68 28 47 51 45 76 85 36 16 38 92 30 86 89 98 25 81 64 14 77 71 19 63 66 33 78 8 97 58 23 12 46 73 32 56 18 67 2 61 84 100 3 74 11 27 29 75 20 96 44 59 90 70 83 48 53 34 99 94 50 43 57 93 13 55 54 49 9 39 35 65 10
37 78 69 5 15 42 62 68 28 47 51 45 76 85 36 16 38 92 30 86 89 98 25 81 64 14 77 71 19 63 66 33 78 8 97 58 23 12 46 73 32 56 18 67 2 61 84 100 3 74 11 27 29 75 20 96 44 59 90 70 83 48 53 34 99 94 50 43 57 93 13 55 54 49 9 39 35 65 10 21
7 79 69 5 15 42 62 68 28 47 51 45 76 85 36 16 38 92 30 86 89 98 25 81 64 14 77 71 19 63 66 33 78 8 97 58 23 12 46 73 32 56 18 67 2 61 84 100 3 74 11 27 29 75 20 96 44 59 90 70 83 48 53 34 99 94 50 43 57 93 13 55 54 49 9 39 35 65 10 21 37
6 80 69 5 15 42 62 68 28 47 51 45 76 85 36 16 38 92 30 86 89 98 25 81 64 14 77 71 19 63 66 33 78 8 97 58 23 12 46 73 32 56 18 67 2 61 84 100 3 74 11 27 29 75 20 96 44 59 90 70 83 48 53 34 99 94 50 43 57 93 13 55 54 49 9 39 35 65 10 21 37 7
52 81 69 5 15 42 62 68 28 47 51 45 76 85 36 16 38 92 30 86 89 98 25 81 64 14 77 71 19 63 66 33 78 8 97 58 23 12 46 73 32 56 18 67 2 61 84 100 3 74 11 27 29 75 20 96 44 59 90 70 83 48 53 34 99 94 50 43 57 93 13 55 54 49 9 39 35 65 10 21 37 7 6
17 82 69 5 15 42 62 68 28 47 51 45 76 85 36 16 38 92 30 86 89 98 25 81 64 14 77 71 19 63 66 33 78 8 97 58 23 12 46 73 32 56 18 67 2 61 84 100 3 74 11 27 29 75 20 96 44 59 90 70 83 48 53 34 99 94 50 43 57 93 13 55 54 49 9 39 35 65 10 21 37 7 6 52
31 83 69 5 15 42 62 68 28 47 51 45 76 85 36 16 38 92 30 86 89 98 25 81 64 14 77 71 19 63 66 33 78 8 97 58 23 12 46 73 32 56 18 67 2 61 84 100 3 74 11 27 29 75 20 96 44 59 90 70 83 48 53 34 99 94 50 43 57 93 13 55 54 49 9 39 35 65 10 21 37 7 6 52 17
41 84 69 5 15 42 62 68 28 47 51 45 76 85 36 16 38 92 30 86 89 98 25 81 64 14 77 71 19 63 66 33 78 8 97 58 23 12 46 73 32 56 18 67 2 61 84 100 3 74 11 27 29 75 20 96 44 59 90 70 83 48 53 34 99 94 50 43 57 93 13 55 54 49 9 39 35 65 10 21 37 7 6 52 17 31
88 85 69 5 15 42 62 68 28 47 51 45 76 85 36 16 38 92 30 86 89 98 25 81 64 14 77 71 19 63 66 33 78 8 97 58 23 12 46 73 32 56 18 67 2 61 84 100 3 74 11 27 29 75 20 96 44 59 90 70 83 48 53 34 99 94 50 43 57 93 13 55 54 49 9 39 35 65 10 21 37 7 6 52 17 31 41
87 86 69 5 15 42 62 68 28 47 51 45 76 85 36 16 38 92 30 86 89 98 25 81 64 14 77 71 19 63 66 33 78 8 97 58 23 12 46 73 32 56 18 67 2 61 84 100 3 74 11 27 29 75 20 96 44 59 90 70 83 48 53 34 99 94 50 43 57 93 13 55 54 49 9 39 35 65 10 21 37 7 6 52 17 31 41 88
4 87 69 5 15 42 62 68 28 47 51 45 76 85 36 16 38 92 30 86 89 98 25 81 64 14 77 71 19 63 66 33 78 8 97 58 23 12 46 73 32 56 18 67 2 61 84 100 3 74 11 27 29 75 20 96 44 59 90 70 83 48 53 34 99 94 50 43 57 93 13 55 54 49 9 39 35 65 10 21 37 7 6 52 17 31 41 88 87
80 88 69 5 15 42 62 68 28 47 51 45 76 85 36 16 38 92 30 86 89 98 25 81 64 14 77 71 19 63 66 33 78 8 97 58 23 12 46 73 32 56 18 67 2 61 84 100 3 74 11 27 29 75 20 96 44 59 90 70 83 48 53 34 99 94 50 43 57 93 13 55 54 49 9 39 35 65 10 21 37 7 6 52 17 31 41 88 87 4
72 89 69 5 15 42 62 68 28 47 51 45 76 85 36 16 38 92 30 86 89 98 25 81 64 14 77 71 19 63 66 33 78 8 97 58 23 12 46 73 32 56 18 67 2 61 84 100 3 74 11 27 29 75 20 96 44 59 90 70 83 48 53 34 99 94 50 43 57 93 13 55 54 49 9 39 35 65 10 21 37 7 6 52 17 31 41 88 87 4 80
91 90 69 5 15 42 62 68 28 47 51 45 76 85 36 16 38 92 30 86 89 98 25 81 64 14 77 71 19 63 66 33 78 8 97 58 23 12 46 73 32 56 18 67 2 61 84 100 3 74 11 27 29 75 20 96 44 59 90 70 83 48 53 34 99 94 50 43 57 93 13 55 54 49 9 39 35 65 10 21 37 7 6 52 17 31 41 88 87 4 80 72
26 91 69 5 15 42 62 68 28 47 51 45 76 85 36 16 38 92 30 86 89 98 25 81 64 14 77 71 19 63 66 33 78 8 97 58 23 12 46 73 32 56 18 67 2 61 84 100 3 74 11 27 29 75 20 96 44 59 90 70 83 48 53 34 99 94 50 43 57 93 13 55 54 49 9 39 35 65 10 21 37 7 6 52 17 31 41 88 87 4 80 72 91
95 92 69 5 15 42 62 68 28 47 51 45 76 85 36 16 38 92 30 86 89 98 25 81 64 14 77 71 19 63 66 33 78 8 97 58 23 12 46 73 32 56 18 67 2 61 84 100 3 74 11 27 29 75 20 96 44 59 90 70 83 48 53 34 99 94 50 43 57 93 13 55 54 49 9 39 35 65 10 21 37 7 6 52 17 31 41 88 87 4 80 72 91 26
60 93 69 5 15 42 62 68 28 47 51 45 76 85 36 16 38 92 30 86 89 98 25 81 64 14 77 71 19 63 66 33 78 8 97 58 23 12 46 73 32 56 18 67 2 61 84 100 3 74 11 27 29 75 20 96 44 59 90 70 83 48 53 34 99 94 50 43 57 93 13 55 54 49 9 39 35 65 10 21 37 7 6 52 17 31 41 88 87 4 80 72 91 26 95
79 94 69 5 15 42 62 68 28 47 51 45 76 85 36 16 38 92 30 86 89 98 25 81 64 14 77 71 19 63 66 33 78 8 97 58 23 12 46 73 32 56 18 67 2 61 84 100 3 74 11 27 29 75 20 96 44 59 90 70 83 48 53 34 99 94 50 43 57 93 13 55 54 49 9 39 35 65 10 21 37 7 6 52 17 31 41 88 87 4 80 72 91 26 95 60
1 95 69 5 15 42 62 68 28 47 51 45 76 85 36 16 38 92 30 86 89 98 25 81 64 14 77 71 19 63 66 33 78 8 97 58 23 12 46 73 32 56 18 67 2 61 84 100 3 74 11 27 29 75 20 96 44 59 90 70 83 48 53 34 99 94 50 43 57 93 13 55 54 49 9 39 35 65 10 21 37 7 6 52 17 31 41 88 87 4 80 72 91 26 95 60 79
82 96 69 5 15 42 62 68 28 47 51 45 76 85 36 16 38 92 30 86 89 98 25 81 64 14 77 71 19 63 66 33 78 8 97 58 23 12 46 73 32 56 18 67 2 61 84 100 3 74 11 27 29 75 20 96 44 59 90 70 83 48 53 34 99 94 50 43 57 93 13 55 54 49 9 39 35 65 10 21 37 7 6 52 17 31 41 88 87 4 80 72 91 26 95 60 79 1
40 97 69 5 15 42 62 68 28 47 51 45 76 85 36 16 38 92 30 86 89 98 25 81 64 14 77 71 19 63 66 33 78 8 97 58 23 12 46 73 32 56 18 67 2 61 84 100 3 74 11 27 29 75 20 96 44 59 90 70 83 48 53 34 99 94 50 43 57 93 13 55 54 49 9 39 35 65 10 21 37 7 6 52 17 31 41 88 87 4 80 72 91 26 95 60 79 1 82
24 98 69 5 15 42 62 68 28 47 51 45 76 85 36 16 38 92 30 86 89 98 25 81 64 14 77 71 19 63 66 33 78 8 97 58 23 12 46 73 32 56 18 67 2 61 84 100 3 74 11 27 29 75 20 96 44 59 90 70 83 48 53 34 99 94 50 43 57 93 13 55 54 49 9 39 35 65 10 21 37 7 6 52 17 31 41 88 87 4 80 72 91 26 95 60 79 1 82 40
22 99 69 5 15 42 62 68 28 47 51 45 76 85 36 16 38 92 30 86 89 98 25 81 64 14 77 71 19 63 66 33 78 8 97 58 23 12 46 73 32 56 18 67 2 61 84 100 3 74 11 27 29 75 20 96 44 59 90 70 83 48 53 34 99 94 50 43 57 93 13 55 54 49 9 39 35 65 10 21 37 7 6 52 17 31 41 88 87 4 80 72 91 26 95 60 79 1 82 40 24